原：sigmoid
[[12.67707491 16.82699347 16.00619221 16.18172073 16.82500148]]
[[3.20399143 3.60582354 3.60185241 3.97432634 3.87131482]]
time 7
error 5

目前最高：
sigmoid 200 25 0.08 [1 10 20 30 13]
time 8
error 8

tanh:
[[17.26578188 16.91678047 16.9835813  16.82497096 16.82899022]]
[[3.89646488 6.38360219 4.60122738 4.77643802 4.1283064 ]]
time 6
error 2

ReLU:
[[5.82139969 5.64091229 5.74563766 5.63492393 5.50527668]]
[[3.70498364 4.10533761 3.59436818 3.94097541 3.98682109]]
time 8
error 3

ReLu2:
[[8.32274342 8.3067801  8.3965435  8.69873428 8.58603668]]
[[nan nan nan nan nan]]
time 8
error 10

TransName: sigmoid


rounds 300:


Rounds: 200


Iter 100:
[[32.43223381 23.92501688 24.83916569 24.07161951 24.35386515]]
[[3.89415372 4.16012795 3.704461   3.94560231 3.83543482]]
time 5
error 2

Iter 40:
[[13.33630657 13.64749765 13.40714169 13.10195851 13.4609971 ]]
[[3.27277895 3.49397966 3.86372813 3.55746602 3.67382231]]
time 7
error 5

Iter 30:
[[ 9.3978653  10.10497332 10.09998798  7.81210589  7.67847443]]
[[3.66366848 3.17902865 3.67225708 3.38658302 3.36913851]]
time 8
error 6

Iter 20:
[[5.29381418 4.93779373 4.73732972 4.88294029 4.98466802]]
[[3.39951661 3.33479614 3.40313309 3.57698075 3.27301749]]
time 9
error 5

Iter 25:
(base) C:\Ruoyao_Yang\CS_Projects\SVN\project4>python bostontest.py
[[7.58571243 8.37859035 8.67479873 7.81211829 6.35499215]]
[[3.38689756 3.32949582 3.50331736 3.40097217 3.22512061]]
time 8
error 5

